15:44:49.840 [main] INFO  spanner.MyHisto - Report:
0, 0
5, 0
10, 6168
15, 41436
20, 1959
25, 128
30, 41
35, 31
40, 19
45, 16
50, 10
55, 14
60, 23
65, 90
70, 32
75, 23
80, 6
85, 1
90, 1
95, 1
100, 0
105, 0
110, 0
115, 0
120, 0
125, 0
130, 0
135, 0
140, 0
145, 0
150, 0
155, 0
160, 0
165, 0
170, 0
175, 0
180, 0
185, 0
190, 0
195, 0
200, 0
205, 0
210, 0
215, 0
220, 0
225, 0
230, 0
235, 0
240, 0
245, 0
250, 0
255, 0
260, 0
265, 0
270, 0
275, 0
280, 0
285, 0
290, 0
295, 0
300, 0
305, 0
310, 0
315, 0
320, 0
325, 0
330, 0
335, 0
340, 0
345, 0
350, 0
355, 0
360, 0
365, 0
370, 0
375, 0
380, 0
385, 0
390, 0
395, 0
400, 0
405, 0
410, 0
415, 0
420, 0
425, 0
430, 0
435, 0
440, 0
445, 0
450, 0
455, 0
460, 0
465, 0
470, 0
475, 0
480, 0
485, 0
490, 0
495, 0
500, 0
505, 0
510, 0
515, 0
520, 0
525, 0
530, 0
535, 0
540, 0
545, 0
550, 0
555, 0
560, 0
565, 0
570, 0
575, 0
580, 0
585, 0
590, 0
595, 0
600, 0
605, 0
610, 0
615, 0
620, 0
625, 0
630, 0
635, 0
640, 0
645, 0
650, 0
655, 0
660, 0
665, 0
670, 0
675, 0
680, 0
685, 0
690, 0
695, 0
700, 0
705, 0
710, 0
715, 0
720, 0
725, 0
730, 0
735, 0
740, 0
745, 0
750, 0
755, 0
760, 0
765, 0
770, 0
775, 0
780, 0
785, 0
790, 0
795, 0
800, 0
805, 0
810, 0
815, 0
820, 0
825, 0
830, 0
835, 0
840, 0
845, 0
850, 0
855, 0
860, 0
865, 0
870, 0
875, 0
880, 0
885, 0
890, 0
895, 0
900, 0
905, 0
910, 0
915, 0
920, 0
925, 0
930, 0
935, 0
940, 0
945, 0
950, 0
955, 0
960, 0
965, 0
970, 0
975, 0
980, 0
985, 0
990, 0
995, 0
1000, 0
1005, 0
1010, 0
1015, 0
1020, 0
1025, 0
1030, 0
1035, 0
1040, 0
1045, 0
1050, 0
1055, 0
1060, 0
1065, 0
1070, 0
1075, 0
1080, 0
1085, 0
1090, 0
1095, 0
1100, 0
1105, 0
1110, 0
1115, 0
1120, 0
1125, 0
1130, 0
1135, 0
1140, 0
1145, 0
1150, 0
1155, 0
1160, 0
1165, 0
1170, 0
1175, 1
overflow = 0
total = 50000
15:44:49.840 [main] INFO  spanner.MyMeter - Report: one bucket is for 1000 ms
0, 34
1, 37
2, 40
3, 36
4, 39
5, 39
6, 44
7, 41
8, 50
9, 41
10, 51
11, 48
12, 48
13, 47
14, 41
15, 44
16, 56
17, 53
18, 29
19, 53
20, 58
21, 51
22, 55
23, 60
24, 53
25, 59
26, 58
27, 45
28, 46
29, 45
30, 60
31, 54
32, 28
33, 42
34, 51
35, 58
36, 60
37, 56
38, 58
39, 60
40, 62
41, 63
42, 65
43, 62
44, 61
45, 62
46, 65
47, 42
48, 64
49, 57
50, 63
51, 48
52, 59
53, 61
54, 58
55, 64
56, 58
57, 65
58, 67
59, 63
60, 62
61, 63
62, 49
63, 54
64, 63
65, 58
66, 56
67, 58
68, 57
69, 56
70, 57
71, 48
72, 56
73, 56
74, 60
75, 64
76, 64
77, 64
78, 63
79, 59
80, 30
81, 61
82, 68
83, 67
84, 67
85, 66
86, 64
87, 67
88, 52
89, 69
90, 67
91, 66
92, 65
93, 67
94, 64
95, 59
96, 44
97, 49
98, 63
99, 62
100, 64
101, 59
102, 68
103, 68
104, 60
105, 60
106, 58
107, 60
108, 52
109, 58
110, 62
111, 60
112, 59
113, 52
114, 47
115, 62
116, 63
117, 63
118, 56
119, 59
120, 63
121, 58
122, 53
123, 63
124, 64
125, 63
126, 65
127, 65
128, 65
129, 64
130, 64
131, 65
132, 52
133, 63
134, 56
135, 30
136, 50
137, 65
138, 66
139, 60
140, 67
141, 66
142, 64
143, 63
144, 63
145, 61
146, 64
147, 58
148, 64
149, 62
150, 62
151, 59
152, 54
153, 63
154, 61
155, 62
156, 42
157, 63
158, 60
159, 60
160, 62
161, 57
162, 61
163, 62
164, 58
165, 62
166, 59
167, 59
168, 59
169, 59
170, 62
171, 61
172, 62
173, 64
174, 62
175, 62
176, 60
177, 62
178, 61
179, 59
180, 64
181, 59
182, 64
183, 62
184, 57
185, 61
186, 64
187, 60
188, 60
189, 59
190, 59
191, 57
192, 60
193, 61
194, 60
195, 57
196, 62
197, 60
198, 59
199, 57
200, 60
201, 58
202, 61
203, 60
204, 61
205, 61
206, 62
207, 58
208, 58
209, 58
210, 60
211, 59
212, 62
213, 63
214, 61
215, 62
216, 63
217, 62
218, 64
219, 62
220, 61
221, 61
222, 62
223, 62
224, 61
225, 59
226, 64
227, 61
228, 61
229, 61
230, 64
231, 61
232, 64
233, 60
234, 61
235, 59
236, 64
237, 59
238, 61
239, 61
240, 57
241, 58
242, 62
243, 62
244, 64
245, 60
246, 58
247, 62
248, 63
249, 64
250, 63
251, 61
252, 66
253, 62
254, 62
255, 62
256, 61
257, 61
258, 62
259, 63
260, 65
261, 62
262, 63
263, 63
264, 63
265, 64
266, 65
267, 60
268, 63
269, 61
270, 59
271, 61
272, 59
273, 61
274, 62
275, 61
276, 60
277, 61
278, 60
279, 59
280, 61
281, 61
282, 60
283, 63
284, 63
285, 62
286, 63
287, 60
288, 61
289, 63
290, 60
291, 58
292, 58
293, 58
294, 54
295, 55
296, 54
297, 53
298, 60
299, 57
300, 58
301, 56
302, 57
303, 56
304, 57
305, 58
306, 58
307, 57
308, 59
309, 58
310, 59
311, 55
312, 54
313, 56
314, 58
315, 58
316, 55
317, 57
318, 56
319, 57
320, 58
321, 57
322, 55
323, 57
324, 55
325, 56
326, 58
327, 55
328, 58
329, 56
330, 58
331, 58
332, 57
333, 58
334, 58
335, 57
336, 57
337, 59
338, 56
339, 55
340, 59
341, 60
342, 60
343, 57
344, 59
345, 59
346, 57
347, 58
348, 58
349, 58
350, 56
351, 55
352, 59
353, 58
354, 57
355, 55
356, 58
357, 60
358, 59
359, 60
360, 57
361, 58
362, 61
363, 58
364, 58
365, 54
366, 55
367, 52
368, 54
369, 54
370, 53
371, 52
372, 53
373, 52
374, 56
375, 54
376, 61
377, 60
378, 56
379, 59
380, 60
381, 60
382, 60
383, 57
384, 58
385, 56
386, 57
387, 58
388, 57
389, 57
390, 56
391, 55
392, 56
393, 59
394, 58
395, 56
396, 59
397, 58
398, 58
399, 57
400, 57
401, 56
402, 59
403, 60
404, 58
405, 58
406, 57
407, 58
408, 58
409, 59
410, 58
411, 58
412, 58
413, 58
414, 57
415, 58
416, 57
417, 56
418, 57
419, 58
420, 60
421, 56
422, 61
423, 57
424, 58
425, 59
426, 61
427, 64
428, 62
429, 62
430, 56
431, 57
432, 58
433, 56
434, 60
435, 56
436, 58
437, 60
438, 60
439, 62
440, 60
441, 61
442, 58
443, 60
444, 61
445, 59
446, 62
447, 59
448, 57
449, 56
450, 57
451, 57
452, 58
453, 59
454, 57
455, 55
456, 60
457, 58
458, 58
459, 55
460, 55
461, 58
462, 59
463, 58
464, 56
465, 57
466, 58
467, 60
468, 58
469, 58
470, 57
471, 58
472, 60
473, 58
474, 58
475, 58
476, 59
477, 61
478, 59
479, 58
480, 60
481, 59
482, 63
483, 63
484, 60
485, 60
486, 62
487, 60
488, 59
489, 59
490, 63
491, 60
492, 63
493, 59
494, 59
495, 57
496, 55
497, 58
498, 57
499, 59
500, 59
501, 56
502, 62
503, 59
504, 59
505, 58
506, 58
507, 60
508, 58
509, 60
510, 60
511, 59
512, 59
513, 61
514, 59
515, 59
516, 59
517, 64
518, 61
519, 60
520, 60
521, 61
522, 66
523, 63
524, 61
525, 63
526, 59
527, 64
528, 60
529, 61
530, 53
531, 60
532, 61
533, 60
534, 62
535, 57
536, 58
537, 61
538, 60
539, 60
540, 60
541, 59
542, 63
543, 59
544, 59
545, 59
546, 59
547, 63
548, 59
549, 61
550, 61
551, 60
552, 61
553, 61
554, 63
555, 58
556, 59
557, 60
558, 63
559, 60
560, 58
561, 56
562, 60
563, 58
564, 61
565, 58
566, 56
567, 56
568, 58
569, 62
570, 56
571, 57
572, 57
573, 57
574, 62
575, 59
576, 59
577, 60
578, 62
579, 63
580, 60
581, 59
582, 62
583, 62
584, 63
585, 58
586, 61
587, 64
588, 63
589, 61
590, 59
591, 56
592, 60
593, 59
594, 59
595, 59
596, 61
597, 62
598, 62
599, 61
600, 62
601, 60
602, 65
603, 62
604, 62
605, 63
606, 62
607, 64
608, 60
609, 60
610, 65
611, 62
612, 61
613, 62
614, 61
615, 65
616, 59
617, 59
618, 60
619, 61
620, 60
621, 58
622, 60
623, 60
624, 62
625, 61
626, 61
627, 61
628, 65
629, 62
630, 62
631, 63
632, 60
633, 63
634, 63
635, 60
636, 60
637, 62
638, 63
639, 58
640, 59
641, 63
642, 65
643, 61
644, 63
645, 61
646, 60
647, 57
648, 60
649, 61
650, 59
651, 64
652, 61
653, 59
654, 58
655, 53
656, 55
657, 55
658, 58
659, 57
660, 57
661, 55
662, 58
663, 58
664, 58
665, 54
666, 51
667, 54
668, 53
669, 53
670, 52
671, 54
672, 52
673, 54
674, 56
675, 56
676, 58
677, 55
678, 56
679, 60
680, 58
681, 58
682, 59
683, 57
684, 58
685, 57
686, 57
687, 58
688, 55
689, 57
690, 63
691, 60
692, 60
693, 59
694, 59
695, 58
696, 57
697, 59
698, 57
699, 57
700, 57
701, 56
702, 57
703, 52
704, 59
705, 58
706, 59
707, 60
708, 59
709, 58
710, 57
711, 58
712, 59
713, 59
714, 60
715, 58
716, 56
717, 52
718, 57
719, 55
720, 55
721, 56
722, 56
723, 58
724, 57
725, 58
726, 58
727, 58
728, 58
729, 57
730, 58
731, 58
732, 58
733, 58
734, 59
735, 58
736, 60
737, 57
738, 57
739, 54
740, 57
741, 59
742, 58
743, 57
744, 59
745, 57
746, 59
747, 60
748, 59
749, 61
750, 59
751, 60
752, 59
753, 58
754, 60
755, 58
756, 60
757, 62
758, 54
759, 58
760, 57
761, 60
762, 60
763, 59
764, 61
765, 61
766, 57
767, 56
768, 58
769, 60
770, 60
771, 57
772, 60
773, 58
774, 59
775, 58
776, 60
777, 57
778, 58
779, 59
780, 60
781, 56
782, 55
783, 56
784, 56
785, 58
786, 55
787, 53
788, 56
789, 58
790, 59
791, 56
792, 57
793, 56
794, 58
795, 54
796, 57
797, 59
798, 58
799, 57
800, 55
801, 58
802, 57
803, 59
804, 59
805, 58
806, 57
807, 55
808, 57
809, 60
810, 58
811, 59
812, 58
813, 61
814, 60
815, 50
816, 53
817, 59
818, 58
819, 60
820, 59
821, 56
822, 58
823, 61
824, 59
825, 57
826, 57
827, 58
828, 60
829, 57
830, 62
831, 59
832, 50
833, 0
834, 59
835, 55
836, 51
837, 58
838, 57
839, 55
840, 54
841, 49
842, 59
843, 59
844, 60
845, 60
846, 57
847, 61
848, 60
849, 58
850, 57
851, 60
852, 59
853, 54
854, 58
855, 11
overflow = 0
total = 50000
15:44:49.841 [main] INFO  spanner.SimpleMain - type=TIMER, name=put, count=50000, min=13.678179, max=30.469316, mean=17.254683811284046, stddev=1.9365467915654344, median=16.8297955, p75=18.08743775, p95=20.963930949999998, p98=22.82792115999999, p99=24.248779470000006, p999=30.345894958000013, mean_rate=57.89740852790091, m1=56.94897411912583, m5=54.84324975611143, m15=35.7667751453124, rate_unit=events/second, duration_unit=milliseconds
15:44:49.841 [main] INFO  spanner.SimpleMain - type=TIMER, name=warmup, count=50, min=17.591756, max=2024.6703719999998, mean=77.17351042, stddev=281.82289275268147, median=25.1616035, p75=54.44383875, p95=86.10633159999999, p98=1985.9066377199938, p99=2024.6703719999998, p999=2024.6703719999998, mean_rate=0.05789737164043536, m1=5.627864685865059E-7, m5=0.009721507675914292, m15=0.02154540534721697, rate_unit=events/second, duration_unit=milliseconds
