4315187293736356827.1501852045490
7021357118320034772.1501852045490
4508175908630842731.1501852045490
4838570195847694096.1501852045490
7017365267402475115.1501852045526
7788346241275678597.1501852045490
3126299882922265247.1501852045527
7646966977012452567.1501852045527
6298358453657749812.1501852045490
4296027481279319905.1501852045490
3193455084406262316.1501852045528
7230424152787995112.1501852045526
8955350593084604528.1501852045528
7762184142947762621.1501852045528
533927707013236085.1501852045528
7633049896204715021.1501852045528
1018229766327779685.1501852045528
4605777583559819454.1501852045529
1351370046912283389.1501852045529
5424502725241619588.1501852045529
3205309854363173704.1501852045529
8049505507185412060.1501852045529
8739849426085823313.1501852045529
3960821714174886395.1501852045529
3325927634757306417.1501852045529
4745089398140717654.1501852045530
5924559200500402031.1501852045530
6897357936695264214.1501852045530
4754317867427188040.1501852045530
2884477043005277202.1501852045530
822563413802371169.1501852045530
5655392416481952685.1501852045530
505336301803556358.1501852045530
202993563631503407.1501852045530
643692632480238764.1501852045530
3749962946720450070.1501852045531
3052355987225395366.1501852045530
7497693321362623168.1501852045531
5475948144087616510.1501852045531
1399940038253101535.1501852045531
2073745996483346825.1501852045531
4389221127209045430.1501852045490
6297796746377447439.1501852045531
3265364100138746991.1501852045531
839699451015350298.1501852045531
196275673660278222.1501852045532
8436286776944054011.1501852045532
5782958768275277551.1501852045532
4519333225076443672.1501852045532
6040361990743540719.1501852045532
8097147463884817885.1501852045532
4803207479643291845.1501852045532
3900030135035707677.1501852045533
2595920649188491889.1501852045533
6931098742837103524.1501852045533
7662683147033921080.1501852045533
2182591484384330008.1501852045533
481020598686338043.1501852045533
8676003426701034180.1501852045533
1741250530295759894.1501852045534
7142207831870622782.1501852045534
8395137471339449871.1501852045534
9216373171486870210.1501852045534
750227811220933295.1501852045534
2245913716317635469.1501852045534
2905699677450749757.1501852045534
7035776577916191174.1501852045535
2853236266969943351.1501852045535
808462128292056929.1501852045535
4428416538081184363.1501852045535
5676724968937111825.1501852045535
2808560167768313070.1501852045533
6427189739204135103.1501852045536
6008802691298050616.1501852045536
7234598167239475823.1501852045535
26727305726935260.1501852045535
2493610525341205633.1501852045535
4931080870132991765.1501852045536
6067842069375438402.1501852045536
6926798288522464466.1501852045536
7200194319570127395.1501852045536
1753687135579360502.1501852045537
6599905128233913009.1501852045537
4309425465595087869.1501852045537
6715006924800017880.1501852045537
2804326432295438606.1501852045537
4076095177319859976.1501852045537
1434583000262000651.1501852045537
7937829452148852059.1501852045537
5303724646455986506.1501852045538
2050679739292667736.1501852045538
7217138160667869985.1501852045538
52157847167385802.1501852045538
7476727965133851004.1501852045538
4057713584517957834.1501852045538
5240776551066125499.1501852045538
3681425589868707842.1501852045538
2197926415133461068.1501852045539
167868643043265284.1501852045539
5252895086249659633.1501852045539
8913482152505721118.1501852045539
6644645978499139396.1501852045539
5216230232926340399.1501852045539
3606062200366779854.1501852045540
6694538442604430815.1501852045540
3523356811096837555.1501852045540
3707190098189895873.1501852045540
3237310475720802452.1501852045540
155641311372791166.1501852045541
1719039652689823545.1501852045541
4008082805529070440.1501852045541
1132713864193395914.1501852045541
3029878501221617184.1501852045540
7223830757872976206.1501852045541
8775527582199336813.1501852045541
1295392406197653062.1501852045541
5229253054685594560.1501852045541
5888173081011110897.1501852045541
6805218504650802123.1501852045542
1214247662698972815.1501852045542
6315800785234773745.1501852045542
9023998426172179232.1501852045542
5216194096327705336.1501852045542
7070386726134497315.1501852045542
7698811610200099547.1501852045540
8222725921782513928.1501852045543
3172822233513607915.1501852045543
5112044903535626665.1501852045543
4262649713927605784.1501852045543
2037664597940062002.1501852045544
7955482715351105642.1501852045544
7296443164179645859.1501852045544
6931519886051721970.1501852045544
2439654439202930852.1501852045544
3576810816759548358.1501852045543
6848555476951450191.1501852045544
1706996798070277182.1501852045544
3967423129641829723.1501852045545
3871007051555686640.1501852045545
539649304625234057.1501852045545
3992177499934703760.1501852045545
6099704561954541349.1501852045545
3980844612754295130.1501852045545
7290276498310907343.1501852045546
2045255530625516324.1501852045546
8324325874663508249.1501852045546
8588994926413171958.1501852045546
7645625759563137896.1501852045546
6155374363038994156.1501852045546
3285254969256920894.1501852045547
8787219311447458185.1501852045547
2117635259481671844.1501852045547
5795435862245001106.1501852045547
5753922886904465705.1501852045547
2233061116594571692.1501852045547
158536525130780253.1501852045547
7082289294969425085.1501852045547
9070330246886016429.1501852045548
5770832225417119100.1501852045548
691426382819508647.1501852045548
8148088694431301742.1501852045548
2420556264155267578.1501852045548
4539903581192603137.1501852045548
7675993950939267870.1501852045549
4628857386203300978.1501852045549
8312598414602817216.1501852045549
6712981948154857548.1501852045549
5361375219040469066.1501852045549
959683326507368712.1501852045549
5023629817820956577.1501852045550
759749769480456442.1501852045550
6934125206714401243.1501852045550
509682670796295964.1501852045551
2697695175878985980.1501852045551
5756505617878106814.1501852045551
1599579008460607247.1501852045551
2547579278323501233.1501852045551
644228803126642824.1501852045552
8855626428811788486.1501852045552
4982656309126645826.1501852045552
9160707396498571519.1501852045552
2966557298509627608.1501852045550
8440030978122140254.1501852045553
7903183193611059545.1501852045553
1697755612549040411.1501852045553
2147071202704639645.1501852045553
2478447817375108739.1501852045553
116118458637173336.1501852045550
8571315813050894275.1501852045553
7240319215455061320.1501852045554
8189816214688973090.1501852045554
8218212783287520044.1501852045554
5599562136413028612.1501852045551
3865875224454252625.1501852045551
7713940034422391888.1501852045554
4587829902818757187.1501852045554
23191542257438036.1501852045555
6249124853405076355.1501852045555
3407237608126631653.1501852045555
2441946354590171526.1501852045555
6246164197750752823.1501852045555
7073648722120756639.1501852045555
530856917923284968.1501852045555
8614436818943821492.1501852045555
5250664898933311583.1501852045554
7086161221591255335.1501852045555
7478074927648751869.1501852045555
844453244817330060.1501852045556
2208895116894751908.1501852045556
8785952379995769343.1501852045556
8658061450396518088.1501852045556
2259788939284201800.1501852045556
9032301157094674223.1501852045556
9067201455610414852.1501852045556
1788670803577227912.1501852045556
964805197548309081.1501852045556
2754810979206447390.1501852045557
8143578297837111013.1501852045557
1978603791805598292.1501852045557
1698592248828347098.1501852045557
2282738781062775749.1501852045557
2908758761828270355.1501852045557
783648228985423272.1501852045557
6790899375677132620.1501852045556
4739733065702395786.1501852045558
7147487892128614588.1501852045558
734705466028411598.1501852045558
4284946953126035479.1501852045558
7283317191496190586.1501852045558
4270841783243328046.1501852045558
32765217265108323.1501852045558
2066872120583602371.1501852045559
7117233860632462994.1501852045559
7137459436342955798.1501852045558
6984494522110725052.1501852045558
2804817904325642296.1501852045559
4801702855916603289.1501852045559
7893786301165094415.1501852045559
185942172206647641.1501852045559
8624900791279240673.1501852045559
1752061591398532181.1501852045560
2560803720625341527.1501852045560
3043328278174254156.1501852045560
3990972649018704545.1501852045560
6961982164612959666.1501852045559
6429139204484908264.1501852045560
8416191200360481178.1501852045560
8661311435275520266.1501852045560
377301320442531636.1501852045561
8867796763263913343.1501852045561
1434354117463984998.1501852045561
1463553376821068188.1501852045561
3804542880084346051.1501852045561
6108233014190231439.1501852045561
6659060339251168949.1501852045562
6542089086863231431.1501852045562
2542346967780969990.1501852045562
5120468209185410816.1501852045562
4910302720707283849.1501852045562
1176281568432635984.1501852045562
6087955082543976310.1501852045562
7414565625356766182.1501852045562
8244753370292372141.1501852045561
4267359953527786730.1501852045563
2955867346976983925.1501852045563
3744983091756878795.1501852045563
3722189199560361265.1501852045563
6031081343220926241.1501852045562
538570604207096270.1501852045563
3021142633536372813.1501852045563
635941209312218194.1501852045563
2796128824698424653.1501852045564
5059222682497534760.1501852045564
7292061123741172393.1501852045564
3848766714693569601.1501852045564
2752214206733568048.1501852045564
4890409730775663042.1501852045564
328387700864205775.1501852045564
1813370487438266163.1501852045564
878300027051068670.1501852045565
6961220138766255229.1501852045565
8537148138438149725.1501852045565
5149409309190213417.1501852045565
3699367897294982859.1501852045565
1347989561014177034.1501852045565
967533430979970748.1501852045565
168777111837756542.1501852045565
6702197271842931071.1501852045565
804147912371290674.1501852045564
1400009459669091713.1501852045566
1725400642076033497.1501852045565
7197335711497341301.1501852045565
4242263642465847891.1501852045566
3544769361682974369.1501852045566
1538737082349535972.1501852045566
8822298648934957489.1501852045566
1612125848359682454.1501852045567
7692039804003173215.1501852045567
7343134662033228114.1501852045566
2224710656681920231.1501852045566
5855963757445726316.1501852045567
2883187156733152092.1501852045567
3485593475178317124.1501852045567
176773732174676681.1501852045568
2989999500335271387.1501852045567
2244442876115373789.1501852045568
3367610534415976152.1501852045568
8488511666355849702.1501852045568
8537165748663241003.1501852045568
5607218150664390728.1501852045568
1218334747264175008.1501852045569
3813268464923463486.1501852045569
3544220664851418419.1501852045569
4771839954057120581.1501852045569
5059263850699507036.1501852045569
8118715568790654967.1501852045569
630116818955487772.1501852045568
3790154469579313092.1501852045569
797874510774553850.1501852045569
9151459418092359313.1501852045568
951839559350898263.1501852045570
585571080834862946.1501852045570
2175127629012484287.1501852045570
5458474427057916006.1501852045570
6765004690841289978.1501852045570
3180336936238071943.1501852045569
8735768322236825786.1501852045570
130931736009524367.1501852045571
7897252566837249823.1501852045571
2947426236868939202.1501852045571
1428834600055032366.1501852045571
1694784314238715121.1501852045570
4497348229634343265.1501852045571
8905329803139566174.1501852045571
8056356586538880757.1501852045571
3689682462027695795.1501852045572
276171595283253591.1501852045572
4220930478953024500.1501852045572
8044466113705888971.1501852045572
588362720172852978.1501852045572
1142944610968355844.1501852045572
74494621032335758.1501852045572
8947470071458056711.1501852045572
7839419739051868181.1501852045572
6877775004601827534.1501852045573
3855160180112245093.1501852045571
2813683227453505550.1501852045573
7516869510034836248.1501852045571
837716927840993549.1501852045573
8778774025646654307.1501852045573
3302074609850797431.1501852045573
875267848313982569.1501852045573
1387998028740707199.1501852045574
4177310537889432453.1501852045574
66988964603054275.1501852045574
4288735722713402026.1501852045573
3634162672416146622.1501852045574
8031036582542918569.1501852045574
1807282184062717103.1501852045574
969341644394941611.1501852045574
9107011849128527276.1501852045574
770062046643376019.1501852045574
8815612285286827354.1501852045575
7232335232544493377.1501852045575
2662409577337933704.1501852045575
7946884424584283634.1501852045575
1531194121723855949.1501852045575
7825365739942332793.1501852045575
9138964387363702101.1501852045575
4847586381222530699.1501852045575
8002669704245037113.1501852045575
6202877929624847014.1501852045575
5103299561533229103.1501852045575
3033479431177457093.1501852045576
1726824627913707491.1501852045575
8656601334939271664.1501852045574
4561901785641078734.1501852045576
955433166212386272.1501852045576
4035008856089118422.1501852045576
9097854784196724865.1501852045576
4167239416736337818.1501852045576
9120768257249461836.1501852045576
4782582463972658717.1501852045576
1236597394012589007.1501852045577
3214407207855606773.1501852045577
4449443720107871260.1501852045577
2306947928163962609.1501852045577
5153842702515128466.1501852045577
4830958943174806323.1501852045576
2604864434904649250.1501852045577
9219809856961791195.1501852045578
2575476446182853696.1501852045577
2150736327914046540.1501852045578
5071379107150843348.1501852045578
8581894160775727466.1501852045578
4745757794260238501.1501852045578
5313444424396787459.1501852045578
1229279211838785354.1501852045578
6256870169909086578.1501852045578
5773831805875339978.1501852045578
2824658741844004589.1501852045578
2499083012425205445.1501852045578
9007863404736955384.1501852045579
7593373331780487844.1501852045579
8065987736943018053.1501852045579
852896084996080295.1501852045579
515826290162025143.1501852045579
7473409295144603514.1501852045579
4238843930893501959.1501852045579
8131872746002859728.1501852045579
3595776169843707087.1501852045579
8060947507354027406.1501852045580
5676808444574123670.1501852045580
5530230590357522427.1501852045579
5972762085488676366.1501852045580
2083317336821612891.1501852045580
7478522246234197262.1501852045580
2497540906519119474.1501852045580
825371083913120147.1501852045580
2525048652411847402.1501852045580
1688928088192139663.1501852045580
2519065734456496047.1501852045581
2460657222734397980.1501852045581
2477251062954934658.1501852045581
2409951085029510996.1501852045581
5230456993239615289.1501852045581
5732503039704187608.1501852045581
6214539129426561174.1501852045581
4558662013546154274.1501852045581
7556926613049330295.1501852045581
8142089136882598044.1501852045582
2190753712216360783.1501852045582
4867660919769941734.1501852045582
8458218830400801925.1501852045582
2751351743995268747.1501852045582
2382114478522975528.1501852045582
8933218031438676141.1501852045582
1113300937955233263.1501852045582
6639623359399870667.1501852045582
4639768066145995702.1501852045582
6139783514840123077.1501852045582
8730491751373555359.1501852045583
2187269559184933409.1501852045583
2223346682462094055.1501852045582
5734086739626511968.1501852045583
1440986530502688867.1501852045583
885379006987651858.1501852045583
5619465340638873617.1501852045583
5644033519767209690.1501852045584
7494951742181491504.1501852045583
7305620797874915770.1501852045584
3031171368648789866.1501852045584
8168430436340812746.1501852045583
3546706410459971748.1501852045584
6908323033839257719.1501852045584
5405653094715901130.1501852045584
8973558650781845096.1501852045584
347623736793383996.1501852045584
4216564939344398329.1501852045585
5741752583248625711.1501852045585
7802809471659231345.1501852045585
2598341124639572053.1501852045585
3011248950626634099.1501852045585
4244933645261359096.1501852045585
597721183079449376.1501852045585
2238634019690660728.1501852045585
1127434738254431516.1501852045585
5258971129838652543.1501852045585
2495399824113223736.1501852045586
6301374097114941293.1501852045586
1552796682189750949.1501852045586
6015300219843265215.1501852045586
2130527562194896758.1501852045586
3567930893434308955.1501852045586
5094237437836611398.1501852045586
1777154809522832737.1501852045586
7317744165009902689.1501852045586
6378752373313257644.1501852045586
4357883721140620522.1501852045587
4750793906096785444.1501852045586
5211884099733177325.1501852045587
8557179389369927052.1501852045586
525812099378071155.1501852045587
2196663049275916623.1501852045587
2569962186119990167.1501852045587
5780106612750763348.1501852045587
6962347484883340531.1501852045587
8037286517168033366.1501852045587
3157779444787070909.1501852045587
4968581708128996896.1501852045588
4305055727783068229.1501852045588
8672027221205991571.1501852045588
3749653001710879752.1501852045587
8644213268667648502.1501852045588
2743317804674401224.1501852045588
1702149874411982061.1501852045588
1449367156295748828.1501852045588
930801825754334850.1501852045589
1499914688375767470.1501852045589
3411811816325923912.1501852045588
7499475579641676268.1501852045589
2657250649565185573.1501852045589
3855454651864533974.1501852045589
6272832568194584403.1501852045589
104135098445088896.1501852045587
4966303747380102289.1501852045590
1663290254031799199.1501852045590
7505563843949513580.1501852045590
1180306135921870287.1501852045590
456128302633731748.1501852045590
2076516313261755878.1501852045591
9011654808581065993.1501852045590
7534768438174893218.1501852045590
4020441962826648864.1501852045590
4104705169674226652.1501852045591
856628260711452497.1501852045590
7167381069806323349.1501852045590
6187794403119284308.1501852045590
4216014007974773944.1501852045591
9145781879938696949.1501852045591
6557999947565975286.1501852045592
3971502655438472127.1501852045591
788920684200477658.1501852045592
9048906895710440733.1501852045592
6507815383168798007.1501852045592
3554313193182022059.1501852045592
6976797110394899665.1501852045592
6284633218492616264.1501852045592
1566904941047730066.1501852045592
7934822182298209891.1501852045592
8060351234225292008.1501852045591
6430298996706920199.1501852045592
2476447210065250256.1501852045592
8015373928313407476.1501852045593
8868920319606606461.1501852045593
685960354275672302.1501852045593
4750946835125061316.1501852045593
6776384392614135627.1501852045593
5015090579034292878.1501852045593
7635968048546532128.1501852045593
4798625043538527110.1501852045593
9157869407859592534.1501852045593
7793884759818587501.1501852045594
6247105976943595437.1501852045594
2044928814543488893.1501852045594
3712140021742585194.1501852045594
57491362448166113.1501852045594
6922314041697980380.1501852045593
3425835410510135562.1501852045594
917183967686901885.1501852045594
2896463417457852708.1501852045594
1615095522883026981.1501852045595
4642841352451605126.1501852045595
169522899116967162.1501852045595
3055602056479525739.1501852045595
3188139798998500733.1501852045595
6551324215039051366.1501852045595
5397555414726756780.1501852045595
5519455235087223023.1501852045595
4995848792801102150.1501852045595
152803116836604318.1501852045595
870824915766168450.1501852045596
7280572999079250602.1501852045593
3582444287331354176.1501852045596
2672163258200703988.1501852045596
7994068635190774832.1501852045596
3133149834175008404.1501852045596
1476800268066899784.1501852045595
5112711193319327722.1501852045596
6991796945557998097.1501852045596
1882820678461836291.1501852045597
4051937896381303489.1501852045596
8163560690384258626.1501852045597
4868904850091164529.1501852045597
1518806773586741875.1501852045597
6614002172942500292.1501852045597
3747232691761991652.1501852045597
7044442954805431890.1501852045597
1352125273745344118.1501852045598
3265458916421291578.1501852045598
3313009359875753223.1501852045598
2829511533314002057.1501852045598
5329696077251430323.1501852045598
7700654175821580085.1501852045598
6404295178892824573.1501852045597
6955508845692536850.1501852045598
57305584533651706.1501852045598
4138161522274486176.1501852045599
8143544821394983854.1501852045597
5804957029476224302.1501852045599
2453137495796302350.1501852045599
5907946285039568359.1501852045599
5492017540709961179.1501852045599
3331871398572871562.1501852045599
5162214810453233048.1501852045599
4584057389389005361.1501852045599
8457843051443013586.1501852045599
3761869546212246112.1501852045599
4601397341227598441.1501852045599
5385055219385716577.1501852045599
4191732696899800735.1501852045600
7738535168674906366.1501852045600
5044591591983499375.1501852045600
92615726114096696.1501852045600
6530640894186376703.1501852045600
5341942298003984101.1501852045600
7864778453228536802.1501852045600
4894942664802583543.1501852045600
1482138546044748377.1501852045600
8545704436258655382.1501852045600
1846589398638871278.1501852045600
7094040960860048517.1501852045601
1860381383148455008.1501852045601
7505087173806933863.1501852045601
2651823910678316820.1501852045600
6793236803357065384.1501852045601
897918219685413466.1501852045601
952400757117895986.1501852045601
7160826492642216444.1501852045600
1461333392332243126.1501852045601
8308582984849573315.1501852045601
8282725852519943368.1501852045602
4773962154686762683.1501852045601
6846024669238021058.1501852045602
6841822083143254296.1501852045602
4034578494971986453.1501852045601
2717810525528932435.1501852045602
4245017714842357263.1501852045602
7402646570769925064.1501852045603
4882914008230021639.1501852045603
8443598585584439130.1501852045603
8412991478661728720.1501852045602
4024995310687899546.1501852045603
3682537323093641614.1501852045603
8512747253189198272.1501852045603
9136885506632009198.1501852045602
8992207289910118026.1501852045602
1859425342366109099.1501852045604
5296249399993452361.1501852045604
7897727379816009533.1501852045604
9156486264200446546.1501852045604
1944472779565320447.1501852045604
1546142644697124315.1501852045604
6646802790886621894.1501852045604
7602322018667479481.1501852045605
588130183218220004.1501852045605
668111209744582618.1501852045605
5507016948983155144.1501852045605
5643611052369724049.1501852045605
5617884501180957992.1501852045603
3857576766586636470.1501852045603
7953773535560748442.1501852045605
6390740661657291114.1501852045605
1971943382220623725.1501852045605
5590761417919122984.1501852045605
8652588480339201944.1501852045606
24631892540607376.1501852045606
3035409110987195873.1501852045606
1134381613534882.1501852045605
419035660019318963.1501852045606
5204126352619096219.1501852045606
5831751190271509942.1501852045606
8653049379526299615.1501852045606
4654893679344701306.1501852045607
2665270199634314817.1501852045607
5220647101344794230.1501852045606
965641802847243446.1501852045607
1867633399342975949.1501852045607
2741883240008598757.1501852045607
4522370884317695597.1501852045607
8532655569375217890.1501852045607
4764697402133073730.1501852045607
7453613992787988365.1501852045608
3934153806361742038.1501852045606
4515149814288958831.1501852045608
209858610262132584.1501852045608
8758286227514803619.1501852045605
9190441308794472820.1501852045608
7921851267610920366.1501852045608
2943682070365553307.1501852045608
6313652109088542383.1501852045608
4480652546079672802.1501852045609
4660420144500656244.1501852045607
6817769825795785994.1501852045609
6777591627033431755.1501852045609
3132516740286466575.1501852045609
6289679863125790122.1501852045609
4178595892458767622.1501852045609
5105123587766897053.1501852045609
7324192617851210718.1501852045610
7252021155455846155.1501852045610
2079594367459020567.1501852045610
5696067160375512168.1501852045610
724986310919736808.1501852045610
2315302844271971055.1501852045610
2985634046095215668.1501852045611
6518119609061231099.1501852045611
1347326314100509856.1501852045611
6886910976609961759.1501852045610
9113281898022781660.1501852045612
7729879627265887853.1501852045612
2565423132973353943.1501852045612
6164371469744423992.1501852045612
3075122277842766313.1501852045612
1717578798125041773.1501852045611
2212008578232438438.1501852045613
8244972652529798806.1501852045613
2015418813269757310.1501852045613
4203235502677247756.1501852045613
2463104920513888513.1501852045613
1819793258799582892.1501852045609
4981591927538664030.1501852045613
3680270795140451628.1501852045614
3319152622858488930.1501852045614
3135774932074381670.1501852045614
4489578000312125242.1501852045614
1534502387549291275.1501852045615
7279037996660903815.1501852045614
7766937676584666605.1501852045614
202434533882284369.1501852045615
4474314110324327938.1501852045615
4653667093206157109.1501852045615
2467971187044926616.1501852045616
2033131787321166079.1501852045616
4318774889702967623.1501852045616
1251334431982635287.1501852045616
5909077477615094313.1501852045616
7186113275866926732.1501852045616
6966085737445934545.1501852045616
21436752450308926.1501852045616
5380369871072412500.1501852045617
261014699654987946.1501852045617
6818450850003304579.1501852045616
1844301462118681194.1501852045617
1421351849805562887.1501852045617
3614808588558812180.1501852045617
3883866951522205982.1501852045617
4392612005580787662.1501852045618
1463912737217725386.1501852045618
229487427975138138.1501852045618
6409414881980795237.1501852045618
942212768796395594.1501852045618
1080595645735782120.1501852045618
7679596733377495468.1501852045618
8760171850341499515.1501852045618
7031751845957551631.1501852045618
6895575424248138465.1501852045619
2832236944021734907.1501852045619
2389647417366038295.1501852045619
7300331691611278899.1501852045619
8739246584931437373.1501852045619
2712546308705371031.1501852045619
4700707046887999615.1501852045619
112372918369206917.1501852045619
468293262378223695.1501852045619
8015321221507400572.1501852045619
4866112483552936728.1501852045619
2671242784914688364.1501852045619
1440936304646702035.1501852045619
8144862051144385121.1501852045619
2542635134322099267.1501852045619
9057687412269597133.1501852045620
2086332843587358160.1501852045620
2941616084253032722.1501852045620
6757111549704948868.1501852045620
5603734657524057304.1501852045620
1608645238449326950.1501852045620
6041332344065052101.1501852045620
7327126170485934671.1501852045620
2773976712801175949.1501852045620
8425757522516069800.1501852045620
2389801422473611174.1501852045620
6485155253557612231.1501852045620
1560705837429049642.1501852045621
3431023688239566286.1501852045621
722060971839340970.1501852045621
7776412326836979339.1501852045621
678537269779121247.1501852045621
3554020459936499720.1501852045621
4949043543709600152.1501852045621
4595898834019435555.1501852045621
567954887380848108.1501852045621
5119225653972517504.1501852045621
6450403907815099224.1501852045621
8279129887351522864.1501852045621
4475948572013839199.1501852045621
2617268368626764640.1501852045622
7769168931072721397.1501852045622
933400379772978185.1501852045622
8824045570218675673.1501852045622
8740590353296739680.1501852045622
2738302760312521340.1501852045622
1726642695544980380.1501852045621
867216649670118988.1501852045622
1693813993037776807.1501852045621
3151636100774775131.1501852045622
4631226836128255661.1501852045622
2842397667007417604.1501852045622
8618445111077912684.1501852045622
3284407248016458500.1501852045623
1908429302557920719.1501852045623
5424743071371379986.1501852045623
6879800416695766528.1501852045622
1865045718945123981.1501852045622
2673456649590427075.1501852045623
1056724610886028152.1501852045623
4534285147920811518.1501852045623
5829639642532564658.1501852045623
8963222939367260587.1501852045623
3061216340198835209.1501852045623
1652808655994965541.1501852045623
5424614867265340984.1501852045623
1914969343664079019.1501852045624
2439170780716748691.1501852045624
7780120329449783838.1501852045624
5403570455139273021.1501852045623
1391583483330709837.1501852045624
2604256201365144014.1501852045624
3633118402964242700.1501852045624
5750080782885733398.1501852045625
7381633593504582295.1501852045625
5042279254852914617.1501852045625
8188820027940882138.1501852045624
3376931559371263609.1501852045625
3116902560567872132.1501852045625
7448627206572032909.1501852045626
4944896966185142155.1501852045626
8668188125334619344.1501852045626
4407890797990529890.1501852045626
503117911201172010.1501852045626
5348398942108796532.1501852045626
4716415481045665448.1501852045626
753614468245767095.1501852045627
5011922788448158996.1501852045627
7297892791950919541.1501852045627
8399624416591430642.1501852045624
6864789677162777775.1501852045627
356921037625573684.1501852045627
1230651163307230219.1501852045627
848863031621339655.1501852045627
5081673476132849348.1501852045627
7557434557319499363.1501852045628
3448907795720129986.1501852045628
2359674819492202292.1501852045628
6017046434086471423.1501852045628
2644912706784478418.1501852045628
5982146759687555200.1501852045628
1544975489309557191.1501852045628
7273049333375780204.1501852045628
1867963528492630257.1501852045628
6307084590791804016.1501852045629
17233500358788825.1501852045629
3107699252978335934.1501852045629
5584250399149672529.1501852045625
454572476595128083.1501852045629
7777626204129085092.1501852045630
6025801052012430680.1501852045630
4582932996179181752.1501852045625
8778529238948990024.1501852045630
8408690928272034999.1501852045630
1339339446579513417.1501852045630
5017060464774301902.1501852045629
2140670970261424759.1501852045629
6921104358395891210.1501852045630
6616542044469873371.1501852045630
1088278155778346385.1501852045629
4897701191005783682.1501852045630
7098204154138348302.1501852045628
5964611211806985374.1501852045631
2250410477058998479.1501852045631
8866578587765788584.1501852045630
8572069782201844587.1501852045631
2506619596175330506.1501852045631
7778392889520770730.1501852045630
132890195271699679.1501852045631
3699128547434974596.1501852045631
6834900252562771283.1501852045631
8041361300556696801.1501852045632
5399470779467255194.1501852045632
1429522384269689615.1501852045632
8400101841525952134.1501852045632
4766503679172034850.1501852045632
2757142565762256732.1501852045632
1286411899837170034.1501852045633
4325694732423545986.1501852045633
1010446673413883647.1501852045633
3583290480844292754.1501852045633
8097357085776167031.1501852045632
1731673356039506869.1501852045632
8689852559645164167.1501852045633
2649014833013932721.1501852045633
7852063964700101022.1501852045633
4172196245953006621.1501852045633
8949968999606012949.1501852045634
9168913021678731798.1501852045634
8119032800322339262.1501852045634
5366632282090389863.1501852045634
3142258856714063817.1501852045634
7429880724273580284.1501852045634
5839429793718421455.1501852045634
5608079031521987922.1501852045635
9119327653217911763.1501852045635
5468479912928035590.1501852045634
5793064963101704441.1501852045635
6135007588558782525.1501852045635
4270200587305701181.1501852045635
5892633639453347111.1501852045635
5782635164493762177.1501852045635
6739283941454465857.1501852045633
7354035410964006492.1501852045636
1153998271039752122.1501852045636
6564745592878549328.1501852045636
7843896279881106129.1501852045636
2196640215397191536.1501852045636
1246586708755827263.1501852045636
1784000514521386843.1501852045636
8275252007231768123.1501852045636
293462798084031462.1501852045636
8152581336292411088.1501852045635
6879282861263766138.1501852045637
7321481545277587734.1501852045637
2897352754557504149.1501852045637
6775738043927905200.1501852045635
3631092222788059502.1501852045637
7514122153371517482.1501852045637
326681358218382532.1501852045638
5980488273002119494.1501852045638
4848920228838066488.1501852045637
4651436378731269870.1501852045638
8432957364314521898.1501852045638
2582972532065193748.1501852045638
8213030979467233023.1501852045638
7277492251470218504.1501852045638
5519694526053763984.1501852045638
3350230220402279615.1501852045638
6609203528007238125.1501852045638
2185593099916690101.1501852045638
8018173602556953965.1501852045638
6377471390550542008.1501852045638
2384154970164576659.1501852045639
2391506216755089062.1501852045639
7666898334939433144.1501852045639
876167930197331666.1501852045639
3101159669714797029.1501852045639
5236983665694361032.1501852045639
3858990792798585369.1501852045639
1687976675584066233.1501852045639
6409193458318199976.1501852045639
1519249798369724334.1501852045639
3195531772944794421.1501852045640
3602935583997053059.1501852045640
2903041743401405883.1501852045640
2598802103142203958.1501852045639
8203862968647370606.1501852045640
4320965861352229629.1501852045640
8405054782896361329.1501852045640
5725213898036825444.1501852045640
4106173317167071278.1501852045640
8567691009418284505.1501852045640
2071682697343746857.1501852045640
2744656586350282602.1501852045641
3482363626982493818.1501852045641
536291122771477249.1501852045641
407596735759993542.1501852045641
4937901389958892681.1501852045641
542364820306805036.1501852045641
7979375348862633435.1501852045641
4967236783209857047.1501852045641
1376463185313415571.1501852045641
1841157981743367794.1501852045641
5810124750045594043.1501852045642
6680618624156189960.1501852045642
8107204805209636920.1501852045642
1477612031773919161.1501852045642
2409914445299861146.1501852045642
1415583104100683245.1501852045642
7856606082039039168.1501852045642
7139701576855276670.1501852045642
4799780456375472041.1501852045642
4272466479116992647.1501852045643
5341448676694838982.1501852045643
2354192774168923973.1501852045643
7961071042285093012.1501852045643
8509356640813860303.1501852045643
4518797878079410127.1501852045643
8236132061409068965.1501852045644
542374630207735632.1501852045644
3823276342210479890.1501852045644
5462458254891895602.1501852045644
8858841564338603614.1501852045644
1345888967651051774.1501852045645
